31 50
2.000 2.100 2.200 2.300 2.400 2.500 2.600 2.700 2.800 2.900 3.000 3.100 3.200 3.300 3.400 3.500 3.600 3.700 3.800 3.900 4.000 4.100 4.200 4.300 4.400 4.500 4.600 4.700 4.800 4.900 5.000
1 0.00249865 8.023E-02 9.515E-02 1.119E-01 1.297E-01 1.480E-01 1.658E-01 1.827E-01 1.981E-01 2.118E-01 2.237E-01 2.339E-01 2.425E-01 2.497E-01 2.556E-01 2.604E-01 2.644E-01 2.676E-01 2.702E-01 2.722E-01 2.739E-01 2.752E-01 2.762E-01 2.771E-01 2.778E-01 2.783E-01 2.787E-01 2.791E-01 2.794E-01 2.796E-01 2.797E-01 2.799E-01
1 0.00276857 8.050E-02 9.545E-02 1.122E-01 1.301E-01 1.484E-01 1.663E-01 1.832E-01 1.986E-01 2.123E-01 2.243E-01 2.345E-01 2.431E-01 2.503E-01 2.562E-01 2.611E-01 2.650E-01 2.682E-01 2.708E-01 2.729E-01 2.745E-01 2.759E-01 2.769E-01 2.778E-01 2.785E-01 2.790E-01 2.794E-01 2.798E-01 2.800E-01 2.802E-01 2.804E-01 2.805E-01
1 0.00276859 8.319E-02 9.863E-02 1.163E-01 1.357E-01 1.558E-01 1.759E-01 1.951E-01 2.129E-01 2.290E-01 2.431E-01 2.552E-01 2.655E-01 2.742E-01 2.813E-01 2.872E-01 2.920E-01 2.959E-01 2.990E-01 3.015E-01 3.036E-01 3.052E-01 3.065E-01 3.075E-01 3.084E-01 3.090E-01 3.095E-01 3.099E-01 3.103E-01 3.105E-01 3.107E-01 3.109E-01
1 0.00308473 8.349E-02 9.899E-02 1.167E-01 1.361E-01 1.563E-01 1.764E-01 1.957E-01 2.136E-01 2.296E-01 2.438E-01 2.559E-01 2.663E-01 2.749E-01 2.821E-01 2.880E-01 2.928E-01 2.967E-01 2.998E-01 3.023E-01 3.044E-01 3.060E-01 3.073E-01 3.083E-01 3.092E-01 3.098E-01 3.103E-01 3.108E-01 3.111E-01 3.114E-01 3.116E-01 3.117E-01
1 0.00308475 8.667E-02 1.026E-01 1.211E-01 1.419E-01 1.640E-01 1.865E-01 2.085E-01 2.292E-01 2.480E-01 2.648E-01 2.793E-01 2.918E-01 3.022E-01 3.110E-01 3.181E-01 3.240E-01 3.288E-01 3.327E-01 3.358E-01 3.383E-01 3.403E-01 3.419E-01 3.432E-01 3.442E-01 3.450E-01 3.457E-01 3.462E-01 3.466E-01 3.469E-01 3.472E-01 3.474E-01
1 0.00345831 8.704E-02 1.030E-01 1.216E-01 1.424E-01 1.646E-01 1.872E-01 2.092E-01 2.299E-01 2.488E-01 2.656E-01 2.802E-01 2.926E-01 3.031E-01 3.119E-01 3.191E-01 3.250E-01 3.298E-01 3.336E-01 3.368E-01 3.393E-01 3.413E-01 3.429E-01 3.442E-01 3.452E-01 3.460E-01 3.467E-01 3.472E-01 3.476E-01 3.479E-01 3.482E-01 3.484E-01
1 0.00345833 9.095E-02 1.071E-01 1.265E-01 1.486E-01 1.727E-01 1.979E-01 2.229E-01 2.469E-01 2.691E-01 2.891E-01 3.067E-01 3.218E-01 3.346E-01 3.453E-01 3.542E-01 3.615E-01 3.674E-01 3.722E-01 3.761E-01 3.792E-01 3.818E-01 3.838E-01 3.854E-01 3.867E-01 3.877E-01 3.885E-01 3.892E-01 3.897E-01 3.901E-01 3.904E-01 3.907E-01
1 0.00390411 9.137E-02 1.076E-01 1.270E-01 1.492E-01 1.734E-01 1.986E-01 2.238E-01 2.478E-01 2.701E-01 2.901E-01 3.077E-01 3.228E-01 3.357E-01 3.464E-01 3.553E-01 3.626E-01 3.686E-01 3.734E-01 3.773E-01 3.805E-01 3.830E-01 3.850E-01 3.866E-01 3.879E-01 3.890E-01 3.898E-01 3.904E-01 3.909E-01 3.914E-01 3.917E-01 3.919E-01
1 0.00390413 9.636E-02 1.126E-01 1.326E-01 1.559E-01 1.821E-01 2.100E-01 2.385E-01 2.664E-01 2.926E-01 3.165E-01 3.377E-01 3.563E-01 3.721E-01 3.854E-01 3.964E-01 4.056E-01 4.131E-01 4.192E-01 4.241E-01 4.280E-01 4.313E-01 4.338E-01 4.358E-01 4.375E-01 4.388E-01 4.398E-01 4.407E-01 4.413E-01 4.419E-01 4.423E-01 4.426E-01
1 0.00444202 9.687E-02 1.132E-01 1.332E-01 1.567E-01 1.829E-01 2.109E-01 2.395E-01 2.674E-01 2.937E-01 3.177E-01 3.390E-01 3.576E-01 3.734E-01 3.868E-01 3.979E-01 4.070E-01 4.146E-01 4.207E-01 4.256E-01 4.296E-01 4.327E-01 4.353E-01 4.374E-01 4.390E-01 4.404E-01 4.414E-01 4.422E-01 4.429E-01 4.434E-01 4.438E-01 4.442E-01
1 0.00444204 1.035E-01 1.197E-01 1.399E-01 1.643E-01 1.923E-01 2.231E-01 2.553E-01 2.876E-01 3.185E-01 3.473E-01 3.732E-01 3.960E-01 4.157E-01 4.324E-01 4.464E-01 4.580E-01 4.675E-01 4.753E-01 4.816E-01 4.867E-01 4.909E-01 4.941E-01 4.968E-01 4.989E-01 5.006E-01 5.019E-01 5.030E-01 5.039E-01 5.046E-01 5.051E-01 5.055E-01
1 0.00509926 1.041E-01 1.204E-01 1.407E-01 1.652E-01 1.933E-01 2.242E-01 2.566E-01 2.889E-01 3.200E-01 3.488E-01 3.748E-01 3.977E-01 4.174E-01 4.342E-01 4.482E-01 4.599E-01 4.694E-01 4.772E-01 4.836E-01 4.887E-01 4.928E-01 4.961E-01 4.988E-01 5.009E-01 5.026E-01 5.039E-01 5.050E-01 5.058E-01 5.066E-01 5.071E-01 5.075E-01
1 0.00509928 1.131E-01 1.290E-01 1.492E-01 1.743E-01 2.039E-01 2.375E-01 2.737E-01 3.108E-01 3.473E-01 3.820E-01 4.138E-01 4.421E-01 4.669E-01 4.880E-01 5.060E-01 5.209E-01 5.332E-01 5.433E-01 5.515E-01 5.582E-01 5.635E-01 5.679E-01 5.713E-01 5.741E-01 5.764E-01 5.781E-01 5.795E-01 5.806E-01 5.815E-01 5.822E-01 5.828E-01
1 0.00591393 1.139E-01 1.298E-01 1.502E-01 1.754E-01 2.052E-01 2.389E-01 2.752E-01 3.125E-01 3.491E-01 3.839E-01 4.158E-01 4.442E-01 4.691E-01 4.903E-01 5.083E-01 5.232E-01 5.356E-01 5.457E-01 5.540E-01 5.607E-01 5.661E-01 5.704E-01 5.739E-01 5.767E-01 5.789E-01 5.807E-01 5.821E-01 5.832E-01 5.841E-01 5.848E-01 5.854E-01
1 0.00591395 1.265E-01 1.417E-01 1.617E-01 1.869E-01 2.178E-01 2.539E-01 2.940E-01 3.365E-01 3.794E-01 4.212E-01 4.603E-01 4.957E-01 5.271E-01 5.544E-01 5.775E-01 5.970E-01 6.132E-01 6.265E-01 6.374E-01 6.463E-01 6.534E-01 6.592E-01 6.638E-01 6.676E-01 6.705E-01 6.729E-01 6.748E-01 6.763E-01 6.775E-01 6.784E-01 6.792E-01
1 0.00694066 1.275E-01 1.428E-01 1.629E-01 1.883E-01 2.193E-01 2.555E-01 2.959E-01 3.385E-01 3.817E-01 4.236E-01 4.628E-01 4.984E-01 5.299E-01 5.573E-01 5.806E-01 6.001E-01 6.163E-01 6.297E-01 6.407E-01 6.496E-01 6.567E-01 6.625E-01 6.672E-01 6.709E-01 6.739E-01 6.763E-01 6.782E-01 6.797E-01 6.809E-01 6.819E-01 6.826E-01
1 0.00694068 1.458E-01 1.600E-01 1.791E-01 2.041E-01 2.355E-01 2.734E-01 3.172E-01 3.653E-01 4.154E-01 4.656E-01 5.137E-01 5.583E-01 5.986E-01 6.339E-01 6.644E-01 6.902E-01 7.118E-01 7.297E-01 7.445E-01 7.565E-01 7.662E-01 7.741E-01 7.804E-01 7.855E-01 7.896E-01 7.929E-01 7.955E-01 7.975E-01 7.992E-01 8.005E-01 8.016E-01
1 0.00825996 1.472E-01 1.614E-01 1.807E-01 2.058E-01 2.374E-01 2.756E-01 3.196E-01 3.679E-01 4.183E-01 4.687E-01 5.171E-01 5.619E-01 6.023E-01 6.378E-01 6.684E-01 6.943E-01 7.161E-01 7.341E-01 7.488E-01 7.609E-01 7.707E-01 7.786E-01 7.850E-01 7.901E-01 7.942E-01 7.975E-01 8.001E-01 8.021E-01 8.038E-01 8.051E-01 8.062E-01
1 0.00825998 1.746E-01 1.871E-01 2.047E-01 2.286E-01 2.597E-01 2.986E-01 3.453E-01 3.986E-01 4.565E-01 5.164E-01 5.756E-01 6.319E-01 6.838E-01 7.302E-01 7.708E-01 8.057E-01 8.352E-01 8.598E-01 8.801E-01 8.968E-01 9.104E-01 9.214E-01 9.303E-01 9.374E-01 9.432E-01 9.478E-01 9.515E-01 9.544E-01 9.567E-01 9.586E-01 9.601E-01
1 0.00999455 1.764E-01 1.891E-01 2.069E-01 2.309E-01 2.622E-01 3.015E-01 3.485E-01 4.021E-01 4.603E-01 5.205E-01 5.800E-01 6.367E-01 6.888E-01 7.355E-01 7.763E-01 8.114E-01 8.410E-01 8.657E-01 8.862E-01 9.029E-01 9.165E-01 9.276E-01 9.366E-01 9.438E-01 9.495E-01 9.541E-01 9.579E-01 9.608E-01 9.631E-01 9.650E-01 9.665E-01
1 0.00999457 2.188E-01 2.289E-01 2.441E-01 2.659E-01 2.954E-01 3.340E-01 3.822E-01 4.398E-01 5.052E-01 5.756E-01 6.479E-01 7.190E-01 7.862E-01 8.479E-01 9.028E-01 9.507E-01 9.917E-01 1.026E+00 1.055E+00 1.079E+00 1.098E+00 1.114E+00 1.127E+00 1.137E+00 1.146E+00 1.152E+00 1.158E+00 1.162E+00 1.166E+00 1.168E+00 1.170E+00
1 0.01233896 2.216E-01 2.318E-01 2.472E-01 2.691E-01 2.989E-01 3.378E-01 3.865E-01 4.445E-01 5.103E-01 5.812E-01 6.540E-01 7.256E-01 7.932E-01 8.552E-01 9.105E-01 9.587E-01 9.999E-01 1.035E+00 1.064E+00 1.088E+00 1.107E+00 1.123E+00 1.136E+00 1.146E+00 1.155E+00 1.162E+00 1.167E+00 1.171E+00 1.175E+00 1.177E+00 1.180E+00
1 0.01233898 2.891E-01 2.959E-01 3.075E-01 3.257E-01 3.520E-01 3.882E-01 4.359E-01 4.956E-01 5.669E-01 6.477E-01 7.346E-01 8.235E-01 9.107E-01 9.931E-01 1.068E+00 1.135E+00 1.194E+00 1.244E+00 1.286E+00 1.321E+00 1.349E+00 1.373E+00 1.392E+00 1.408E+00 1.421E+00 1.431E+00 1.439E+00 1.445E+00 1.450E+00 1.455E+00 1.458E+00
1 0.01561650 2.935E-01 3.004E-01 3.122E-01 3.306E-01 3.572E-01 3.938E-01 4.419E-01 5.022E-01 5.742E-01 6.557E-01 7.433E-01 8.329E-01 9.208E-01 1.004E+00 1.080E+00 1.147E+00 1.206E+00 1.256E+00 1.298E+00 1.334E+00 1.363E+00 1.386E+00 1.406E+00 1.421E+00 1.434E+00 1.444E+00 1.452E+00 1.459E+00 1.464E+00 1.468E+00 1.472E+00
1 0.01561652 4.040E-01 4.072E-01 4.142E-01 4.270E-01 4.478E-01 4.788E-01 5.225E-01 5.808E-01 6.546E-01 7.434E-01 8.444E-01 9.535E-01 1.066E+00 1.176E+00 1.280E+00 1.375E+00 1.460E+00 1.534E+00 1.597E+00 1.650E+00 1.695E+00 1.732E+00 1.761E+00 1.786E+00 1.806E+00 1.822E+00 1.834E+00 1.845E+00 1.853E+00 1.860E+00 1.865E+00
1 0.02039707 4.115E-01 4.148E-01 4.219E-01 4.349E-01 4.560E-01 4.875E-01 5.317E-01 5.907E-01 6.653E-01 7.551E-01 8.572E-01 9.673E-01 1.080E+00 1.192E+00 1.296E+00 1.393E+00 1.478E+00 1.553E+00 1.617E+00 1.670E+00 1.715E+00 1.752E+00 1.782E+00 1.807E+00 1.827E+00 1.843E+00 1.856E+00 1.866E+00 1.874E+00 1.881E+00 1.887E+00
1 0.02039709 5.979E-01 5.987E-01 6.013E-01 6.076E-01 6.203E-01 6.424E-01 6.774E-01 7.284E-01 7.983E-01 8.889E-01 9.997E-01 1.128E+00 1.268E+00 1.412E+00 1.556E+00 1.693E+00 1.819E+00 1.932E+00 2.030E+00 2.115E+00 2.186E+00 2.246E+00 2.295E+00 2.336E+00 2.369E+00 2.395E+00 2.417E+00 2.434E+00 2.448E+00 2.459E+00 2.468E+00
1 0.02776269 6.119E-01 6.128E-01 6.154E-01 6.218E-01 6.347E-01 6.572E-01 6.928E-01 7.446E-01 8.156E-01 9.075E-01 1.020E+00 1.149E+00 1.291E+00 1.438E+00 1.583E+00 1.721E+00 1.848E+00 1.962E+00 2.062E+00 2.147E+00 2.220E+00 2.280E+00 2.330E+00 2.371E+00 2.404E+00 2.431E+00 2.452E+00 2.470E+00 2.484E+00 2.495E+00 2.504E+00
1 0.02776271 9.433E-01 9.433E-01 9.437E-01 9.451E-01 9.495E-01 9.599E-01 9.805E-01 1.016E+00 1.072E+00 1.153E+00 1.261E+00 1.398E+00 1.561E+00 1.744E+00 1.938E+00 2.133E+00 2.321E+00 2.497E+00 2.656E+00 2.796E+00 2.917E+00 3.019E+00 3.106E+00 3.177E+00 3.236E+00 3.284E+00 3.322E+00 3.354E+00 3.379E+00 3.399E+00 3.416E+00
1 0.03997831 9.720E-01 9.720E-01 9.724E-01 9.738E-01 9.783E-01 9.890E-01 1.010E+00 1.047E+00 1.103E+00 1.186E+00 1.296E+00 1.436E+00 1.602E+00 1.787E+00 1.983E+00 2.181E+00 2.373E+00 2.551E+00 2.711E+00 2.853E+00 2.976E+00 3.080E+00 3.167E+00 3.240E+00 3.299E+00 3.347E+00 3.387E+00 3.419E+00 3.445E+00 3.465E+00 3.481E+00
1 0.03997833 1.617E+00 1.617E+00 1.617E+00 1.617E+00 1.617E+00 1.619E+00 1.624E+00 1.639E+00 1.668E+00 1.721E+00 1.804E+00 1.926E+00 2.089E+00 2.294E+00 2.535E+00 2.799E+00 3.075E+00 3.349E+00 3.610E+00 3.851E+00 4.067E+00 4.255E+00 4.417E+00 4.554E+00 4.668E+00 4.762E+00 4.839E+00 4.902E+00 4.953E+00 4.994E+00 5.028E+00
0 0.05000000 1.652E+00 1.652E+00 1.652E+00 1.652E+00 1.652E+00 1.654E+00 1.660E+00 1.675E+00 1.705E+00 1.758E+00 1.842E+00 1.965E+00 2.131E+00 2.338E+00 2.581E+00 2.849E+00 3.128E+00 3.404E+00 3.668E+00 3.911E+00 4.129E+00 4.319E+00 4.482E+00 4.620E+00 4.735E+00 4.830E+00 4.908E+00 4.971E+00 5.023E+00 5.064E+00 5.098E+00
1 0.06246618 1.683E+00 1.683E+00 1.683E+00 1.683E+00 1.684E+00 1.686E+00 1.692E+00 1.706E+00 1.737E+00 1.791E+00 1.876E+00 2.001E+00 2.168E+00 2.378E+00 2.623E+00 2.893E+00 3.174E+00 3.454E+00 3.720E+00 3.965E+00 4.184E+00 4.376E+00 4.540E+00 4.679E+00 4.795E+00 4.891E+00 4.970E+00 5.034E+00 5.086E+00 5.128E+00 5.161E+00
1 0.06246620 3.120E+00 3.120E+00 3.120E+00 3.120E+00 3.120E+00 3.120E+00 3.120E+00 3.121E+00 3.126E+00 3.140E+00 3.174E+00 3.239E+00 3.350E+00 3.519E+00 3.755E+00 4.058E+00 4.417E+00 4.816E+00 5.234E+00 5.650E+00 6.048E+00 6.414E+00 6.743E+00 7.030E+00 7.277E+00 7.485E+00 7.659E+00 7.803E+00 7.920E+00 8.017E+00 8.094E+00
0 0.07000000 3.162E+00 3.162E+00 3.162E+00 3.162E+00 3.162E+00 3.162E+00 3.162E+00 3.163E+00 3.168E+00 3.183E+00 3.216E+00 3.281E+00 3.393E+00 3.564E+00 3.802E+00 4.107E+00 4.468E+00 4.869E+00 5.290E+00 5.708E+00 6.109E+00 6.477E+00 6.807E+00 7.096E+00 7.344E+00 7.553E+00 7.728E+00 7.873E+00 7.991E+00 8.088E+00 8.165E+00
0 0.09000000 3.246E+00 3.246E+00 3.246E+00 3.246E+00 3.246E+00 3.246E+00 3.246E+00 3.247E+00 3.252E+00 3.267E+00 3.301E+00 3.367E+00 3.481E+00 3.654E+00 3.896E+00 4.204E+00 4.571E+00 4.977E+00 5.402E+00 5.826E+00 6.230E+00 6.603E+00 6.937E+00 7.228E+00 7.479E+00 7.691E+00 7.867E+00 8.013E+00 8.133E+00 8.230E+00 8.309E+00
1 0.11105122 3.308E+00 3.308E+00 3.308E+00 3.308E+00 3.308E+00 3.308E+00 3.308E+00 3.309E+00 3.314E+00 3.329E+00 3.364E+00 3.431E+00 3.546E+00 3.721E+00 3.965E+00 4.277E+00 4.647E+00 5.057E+00 5.486E+00 5.913E+00 6.321E+00 6.697E+00 7.033E+00 7.327E+00 7.580E+00 7.794E+00 7.971E+00 8.119E+00 8.240E+00 8.337E+00 8.417E+00
1 0.11105124 7.258E+00 7.258E+00 7.258E+00 7.258E+00 7.258E+00 7.258E+00 7.258E+00 7.258E+00 7.258E+00 7.258E+00 7.259E+00 7.265E+00 7.286E+00 7.337E+00 7.443E+00 7.633E+00 7.930E+00 8.346E+00 8.877E+00 9.501E+00 1.018E+01 1.089E+01 1.158E+01 1.223E+01 1.283E+01 1.336E+01 1.382E+01 1.421E+01 1.454E+01 1.482E+01 1.504E+01
0 0.12000000 7.340E+00 7.340E+00 7.340E+00 7.340E+00 7.340E+00 7.340E+00 7.340E+00 7.340E+00 7.340E+00 7.340E+00 7.341E+00 7.348E+00 7.368E+00 7.419E+00 7.527E+00 7.717E+00 8.016E+00 8.434E+00 8.968E+00 9.595E+00 1.028E+01 1.099E+01 1.168E+01 1.234E+01 1.294E+01 1.347E+01 1.393E+01 1.433E+01 1.466E+01 1.493E+01 1.516E+01
0 0.14000000 7.493E+00 7.493E+00 7.493E+00 7.493E+00 7.493E+00 7.493E+00 7.493E+00 7.493E+00 7.493E+00 7.493E+00 7.495E+00 7.501E+00 7.522E+00 7.574E+00 7.682E+00 7.875E+00 8.176E+00 8.599E+00 9.137E+00 9.769E+00 1.046E+01 1.118E+01 1.188E+01 1.254E+01 1.314E+01 1.368E+01 1.414E+01 1.454E+01 1.487E+01 1.515E+01 1.538E+01
0 0.18000000 7.716E+00 7.716E+00 7.716E+00 7.716E+00 7.716E+00 7.716E+00 7.716E+00 7.716E+00 7.716E+00 7.717E+00 7.718E+00 7.724E+00 7.745E+00 7.798E+00 7.908E+00 8.104E+00 8.410E+00 8.839E+00 9.384E+00 1.002E+01 1.072E+01 1.145E+01 1.216E+01 1.283E+01 1.344E+01 1.398E+01 1.445E+01 1.485E+01 1.519E+01 1.547E+01 1.570E+01
1 0.24986635 7.964E+00 7.964E+00 7.964E+00 7.964E+00 7.964E+00 7.964E+00 7.964E+00 7.964E+00 7.964E+00 7.964E+00 7.966E+00 7.972E+00 7.993E+00 8.047E+00 8.159E+00 8.359E+00 8.670E+00 9.105E+00 9.659E+00 1.031E+01 1.102E+01 1.175E+01 1.247E+01 1.315E+01 1.377E+01 1.432E+01 1.479E+01 1.520E+01 1.554E+01 1.582E+01 1.606E+01
1 0.24986637 2.365E+01 2.365E+01 2.365E+01 2.365E+01 2.365E+01 2.365E+01 2.365E+01 2.365E+01 2.365E+01 2.365E+01 2.365E+01 2.365E+01 2.365E+01 2.365E+01 2.365E+01 2.366E+01 2.368E+01 2.376E+01 2.394E+01 2.430E+01 2.487E+01 2.570E+01 2.676E+01 2.801E+01 2.938E+01 3.079E+01 3.215E+01 3.344E+01 3.460E+01 3.563E+01 3.652E+01
0 0.26000000 2.384E+01 2.384E+01 2.384E+01 2.384E+01 2.384E+01 2.384E+01 2.384E+01 2.384E+01 2.384E+01 2.384E+01 2.384E+01 2.384E+01 2.384E+01 2.384E+01 2.384E+01 2.384E+01 2.387E+01 2.395E+01 2.413E+01 2.448E+01 2.506E+01 2.589E+01 2.696E+01 2.821E+01 2.958E+01 3.099E+01 3.236E+01 3.365E+01 3.482E+01 3.585E+01 3.674E+01
0 0.28000000 2.417E+01 2.417E+01 2.417E+01 2.417E+01 2.417E+01 2.417E+01 2.417E+01 2.417E+01 2.417E+01 2.417E+01 2.417E+01 2.417E+01 2.417E+01 2.417E+01 2.417E+01 2.418E+01 2.421E+01 2.429E+01 2.447E+01 2.482E+01 2.540E+01 2.623E+01 2.731E+01 2.857E+01 2.994E+01 3.136E+01 3.273E+01 3.403E+01 3.520E+01 3.623E+01 3.713E+01
0 0.32000000 2.474E+01 2.474E+01 2.474E+01 2.474E+01 2.474E+01 2.474E+01 2.474E+01 2.474E+01 2.474E+01 2.474E+01 2.474E+01 2.474E+01 2.474E+01 2.474E+01 2.474E+01 2.475E+01 2.478E+01 2.485E+01 2.504E+01 2.540E+01 2.598E+01 2.682E+01 2.790E+01 2.917E+01 3.056E+01 3.198E+01 3.337E+01 3.467E+01 3.585E+01 3.689E+01 3.779E+01
0 0.40000000 2.559E+01 2.559E+01 2.559E+01 2.559E+01 2.559E+01 2.559E+01 2.559E+01 2.559E+01 2.559E+01 2.559E+01 2.559E+01 2.559E+01 2.559E+01 2.559E+01 2.559E+01 2.560E+01 2.563E+01 2.571E+01 2.590E+01 2.626E+01 2.685E+01 2.770E+01 2.880E+01 3.008E+01 3.148E+01 3.292E+01 3.433E+01 3.564E+01 3.683E+01 3.789E+01 3.880E+01
0 0.56000000 2.667E+01 2.667E+01 2.667E+01 2.667E+01 2.667E+01 2.667E+01 2.667E+01 2.667E+01 2.667E+01 2.667E+01 2.667E+01 2.667E+01 2.667E+01 2.667E+01 2.667E+01 2.667E+01 2.670E+01 2.678E+01 2.698E+01 2.734E+01 2.794E+01 2.881E+01 2.992E+01 3.122E+01 3.265E+01 3.411E+01 3.553E+01 3.686E+01 3.807E+01 3.914E+01 4.006E+01
0 0.88000000 2.775E+01 2.775E+01 2.775E+01 2.775E+01 2.775E+01 2.775E+01 2.775E+01 2.775E+01 2.775E+01 2.775E+01 2.775E+01 2.775E+01 2.775E+01 2.775E+01 2.775E+01 2.775E+01 2.778E+01 2.787E+01 2.806E+01 2.844E+01 2.905E+01 2.992E+01 3.105E+01 3.237E+01 3.382E+01 3.529E+01 3.674E+01 3.809E+01 3.931E+01 4.039E+01 4.132E+01
1 0.99946710 2.798E+01 2.798E+01 2.798E+01 2.798E+01 2.798E+01 2.798E+01 2.798E+01 2.798E+01 2.798E+01 2.798E+01 2.798E+01 2.798E+01 2.798E+01 2.798E+01 2.798E+01 2.799E+01 2.802E+01 2.810E+01 2.830E+01 2.867E+01 2.928E+01 3.016E+01 3.129E+01 3.262E+01 3.407E+01 3.555E+01 3.700E+01 3.835E+01 3.958E+01 4.066E+01 4.160E+01
