31 105
2.000 2.100 2.200 2.300 2.400 2.500 2.600 2.700 2.800 2.900 3.000 3.100 3.200 3.300 3.400 3.500 3.600 3.700 3.800 3.900 4.000 4.100 4.200 4.300 4.400 4.500 4.600 4.700 4.800 4.900 5.000
1 0.00249967 2.921E-01 3.521E-01 4.190E-01 4.904E-01 5.631E-01 6.342E-01 7.013E-01 7.626E-01 8.170E-01 8.644E-01 9.050E-01 9.391E-01 9.675E-01 9.910E-01 1.010E+00 1.026E+00 1.038E+00 1.049E+00 1.057E+00 1.063E+00 1.069E+00 1.073E+00 1.076E+00 1.079E+00 1.081E+00 1.083E+00 1.084E+00 1.085E+00 1.086E+00 1.087E+00 1.087E+00
1 0.00262948 2.924E-01 3.524E-01 4.194E-01 4.908E-01 5.636E-01 6.348E-01 7.019E-01 7.631E-01 8.177E-01 8.650E-01 9.057E-01 9.398E-01 9.682E-01 9.917E-01 1.011E+00 1.027E+00 1.039E+00 1.049E+00 1.058E+00 1.064E+00 1.069E+00 1.074E+00 1.077E+00 1.080E+00 1.082E+00 1.084E+00 1.085E+00 1.086E+00 1.087E+00 1.088E+00 1.088E+00
1 0.00262950 2.954E-01 3.566E-01 4.255E-01 4.999E-01 5.764E-01 6.519E-01 7.235E-01 7.894E-01 8.483E-01 8.999E-01 9.441E-01 9.814E-01 1.013E+00 1.038E+00 1.060E+00 1.077E+00 1.091E+00 1.102E+00 1.111E+00 1.118E+00 1.124E+00 1.129E+00 1.133E+00 1.135E+00 1.138E+00 1.140E+00 1.141E+00 1.142E+00 1.143E+00 1.144E+00 1.145E+00
1 0.00276969 2.957E-01 3.569E-01 4.260E-01 5.003E-01 5.770E-01 6.525E-01 7.242E-01 7.901E-01 8.490E-01 9.006E-01 9.449E-01 9.822E-01 1.013E+00 1.039E+00 1.060E+00 1.078E+00 1.092E+00 1.103E+00 1.112E+00 1.119E+00 1.125E+00 1.130E+00 1.133E+00 1.136E+00 1.139E+00 1.141E+00 1.142E+00 1.143E+00 1.144E+00 1.145E+00 1.146E+00
1 0.00276971 2.988E-01 3.611E-01 4.321E-01 5.094E-01 5.898E-01 6.698E-01 7.465E-01 8.174E-01 8.813E-01 9.373E-01 9.856E-01 1.027E+00 1.061E+00 1.089E+00 1.112E+00 1.132E+00 1.147E+00 1.159E+00 1.169E+00 1.177E+00 1.184E+00 1.189E+00 1.193E+00 1.197E+00 1.199E+00 1.201E+00 1.203E+00 1.204E+00 1.205E+00 1.206E+00 1.207E+00
1 0.00292143 2.991E-01 3.615E-01 4.325E-01 5.099E-01 5.904E-01 6.705E-01 7.472E-01 8.182E-01 8.821E-01 9.381E-01 9.864E-01 1.027E+00 1.062E+00 1.090E+00 1.113E+00 1.132E+00 1.148E+00 1.160E+00 1.170E+00 1.178E+00 1.185E+00 1.190E+00 1.194E+00 1.197E+00 1.200E+00 1.202E+00 1.204E+00 1.205E+00 1.206E+00 1.207E+00 1.208E+00
1 0.00292145 3.023E-01 3.657E-01 4.386E-01 5.190E-01 6.033E-01 6.882E-01 7.701E-01 8.466E-01 9.157E-01 9.768E-01 1.030E+00 1.075E+00 1.112E+00 1.144E+00 1.169E+00 1.190E+00 1.207E+00 1.221E+00 1.232E+00 1.241E+00 1.249E+00 1.254E+00 1.259E+00 1.262E+00 1.265E+00 1.268E+00 1.270E+00 1.271E+00 1.272E+00 1.273E+00 1.274E+00
1 0.00308599 3.027E-01 3.661E-01 4.391E-01 5.195E-01 6.040E-01 6.889E-01 7.709E-01 8.474E-01 9.166E-01 9.777E-01 1.031E+00 1.076E+00 1.113E+00 1.145E+00 1.170E+00 1.191E+00 1.208E+00 1.222E+00 1.234E+00 1.242E+00 1.250E+00 1.255E+00 1.260E+00 1.264E+00 1.266E+00 1.269E+00 1.271E+00 1.272E+00 1.273E+00 1.274E+00 1.275E+00
1 0.00308601 3.061E-01 3.705E-01 4.453E-01 5.285E-01 6.170E-01 7.069E-01 7.945E-01 8.769E-01 9.518E-01 1.018E+00 1.076E+00 1.126E+00 1.167E+00 1.202E+00 1.230E+00 1.254E+00 1.273E+00 1.288E+00 1.301E+00 1.311E+00 1.318E+00 1.325E+00 1.330E+00 1.334E+00 1.337E+00 1.340E+00 1.342E+00 1.344E+00 1.345E+00 1.346E+00 1.347E+00
1 0.00326485 3.065E-01 3.709E-01 4.458E-01 5.291E-01 6.177E-01 7.076E-01 7.953E-01 8.777E-01 9.528E-01 1.019E+00 1.077E+00 1.127E+00 1.168E+00 1.203E+00 1.232E+00 1.255E+00 1.274E+00 1.289E+00 1.302E+00 1.312E+00 1.320E+00 1.326E+00 1.331E+00 1.335E+00 1.339E+00 1.341E+00 1.343E+00 1.345E+00 1.346E+00 1.347E+00 1.348E+00
1 0.00326487 3.101E-01 3.754E-01 4.519E-01 5.381E-01 6.308E-01 7.259E-01 8.195E-01 9.082E-01 9.897E-01 1.062E+00 1.126E+00 1.180E+00 1.226E+00 1.265E+00 1.296E+00 1.322E+00 1.344E+00 1.361E+00 1.374E+00 1.386E+00 1.395E+00 1.402E+00 1.407E+00 1.412E+00 1.416E+00 1.418E+00 1.421E+00 1.423E+00 1.424E+00 1.425E+00 1.426E+00
1 0.00345972 3.106E-01 3.759E-01 4.525E-01 5.388E-01 6.315E-01 7.267E-01 8.204E-01 9.092E-01 9.907E-01 1.064E+00 1.127E+00 1.181E+00 1.228E+00 1.266E+00 1.298E+00 1.324E+00 1.345E+00 1.362E+00 1.376E+00 1.387E+00 1.396E+00 1.403E+00 1.409E+00 1.413E+00 1.417E+00 1.420E+00 1.422E+00 1.424E+00 1.425E+00 1.427E+00 1.427E+00
1 0.00345974 3.146E-01 3.805E-01 4.587E-01 5.478E-01 6.446E-01 7.452E-01 8.452E-01 9.409E-01 1.029E+00 1.109E+00 1.179E+00 1.239E+00 1.290E+00 1.332E+00 1.367E+00 1.396E+00 1.420E+00 1.439E+00 1.455E+00 1.467E+00 1.477E+00 1.485E+00 1.492E+00 1.497E+00 1.501E+00 1.504E+00 1.507E+00 1.509E+00 1.510E+00 1.512E+00 1.513E+00
1 0.00367258 3.150E-01 3.810E-01 4.593E-01 5.485E-01 6.454E-01 7.461E-01 8.462E-01 9.419E-01 1.030E+00 1.110E+00 1.180E+00 1.240E+00 1.291E+00 1.334E+00 1.369E+00 1.398E+00 1.421E+00 1.441E+00 1.456E+00 1.469E+00 1.479E+00 1.487E+00 1.493E+00 1.498E+00 1.502E+00 1.506E+00 1.508E+00 1.510E+00 1.512E+00 1.513E+00 1.514E+00
1 0.00367260 3.194E-01 3.860E-01 4.657E-01 5.575E-01 6.586E-01 7.648E-01 8.715E-01 9.746E-01 1.071E+00 1.158E+00 1.235E+00 1.301E+00 1.358E+00 1.405E+00 1.444E+00 1.477E+00 1.503E+00 1.525E+00 1.542E+00 1.556E+00 1.567E+00 1.576E+00 1.584E+00 1.589E+00 1.594E+00 1.598E+00 1.600E+00 1.603E+00 1.605E+00 1.606E+00 1.607E+00
1 0.00390571 3.199E-01 3.866E-01 4.664E-01 5.583E-01 6.594E-01 7.657E-01 8.726E-01 9.758E-01 1.072E+00 1.159E+00 1.236E+00 1.302E+00 1.359E+00 1.406E+00 1.446E+00 1.478E+00 1.505E+00 1.526E+00 1.544E+00 1.558E+00 1.569E+00 1.578E+00 1.585E+00 1.591E+00 1.596E+00 1.599E+00 1.602E+00 1.604E+00 1.606E+00 1.608E+00 1.609E+00
1 0.00390573 3.248E-01 3.919E-01 4.730E-01 5.674E-01 6.726E-01 7.846E-01 8.985E-01 1.010E+00 1.114E+00 1.209E+00 1.294E+00 1.368E+00 1.431E+00 1.484E+00 1.528E+00 1.564E+00 1.594E+00 1.618E+00 1.637E+00 1.653E+00 1.666E+00 1.676E+00 1.684E+00 1.691E+00 1.696E+00 1.700E+00 1.703E+00 1.706E+00 1.708E+00 1.710E+00 1.711E+00
1 0.00416175 3.254E-01 3.925E-01 4.737E-01 5.682E-01 6.735E-01 7.856E-01 8.996E-01 1.011E+00 1.115E+00 1.211E+00 1.296E+00 1.369E+00 1.432E+00 1.485E+00 1.529E+00 1.566E+00 1.595E+00 1.620E+00 1.639E+00 1.655E+00 1.668E+00 1.678E+00 1.686E+00 1.693E+00 1.698E+00 1.702E+00 1.705E+00 1.708E+00 1.710E+00 1.712E+00 1.713E+00
1 0.00416177 3.309E-01 3.984E-01 4.806E-01 5.774E-01 6.868E-01 8.046E-01 9.259E-01 1.046E+00 1.159E+00 1.264E+00 1.357E+00 1.439E+00 1.509E+00 1.568E+00 1.618E+00 1.659E+00 1.692E+00 1.719E+00 1.742E+00 1.760E+00 1.774E+00 1.785E+00 1.795E+00 1.802E+00 1.808E+00 1.813E+00 1.816E+00 1.819E+00 1.822E+00 1.824E+00 1.825E+00
1 0.00444383 3.315E-01 3.990E-01 4.813E-01 5.783E-01 6.878E-01 8.057E-01 9.272E-01 1.047E+00 1.161E+00 1.265E+00 1.359E+00 1.441E+00 1.511E+00 1.570E+00 1.620E+00 1.661E+00 1.694E+00 1.721E+00 1.744E+00 1.761E+00 1.776E+00 1.788E+00 1.797E+00 1.804E+00 1.810E+00 1.815E+00 1.818E+00 1.822E+00 1.824E+00 1.826E+00 1.827E+00
1 0.00444385 3.378E-01 4.055E-01 4.887E-01 5.878E-01 7.011E-01 8.249E-01 9.539E-01 1.083E+00 1.206E+00 1.321E+00 1.424E+00 1.515E+00 1.594E+00 1.660E+00 1.716E+00 1.762E+00 1.800E+00 1.831E+00 1.856E+00 1.876E+00 1.893E+00 1.906E+00 1.916E+00 1.925E+00 1.931E+00 1.937E+00 1.941E+00 1.944E+00 1.947E+00 1.949E+00 1.951E+00
1 0.00475558 3.385E-01 4.063E-01 4.895E-01 5.887E-01 7.022E-01 8.261E-01 9.553E-01 1.084E+00 1.208E+00 1.323E+00 1.426E+00 1.517E+00 1.596E+00 1.662E+00 1.718E+00 1.764E+00 1.802E+00 1.833E+00 1.858E+00 1.879E+00 1.895E+00 1.908E+00 1.919E+00 1.927E+00 1.934E+00 1.939E+00 1.943E+00 1.947E+00 1.949E+00 1.952E+00 1.953E+00
1 0.00475560 3.458E-01 4.136E-01 4.975E-01 5.986E-01 7.156E-01 8.454E-01 9.825E-01 1.121E+00 1.256E+00 1.381E+00 1.496E+00 1.597E+00 1.685E+00 1.760E+00 1.823E+00 1.875E+00 1.918E+00 1.953E+00 1.982E+00 2.005E+00 2.023E+00 2.039E+00 2.050E+00 2.060E+00 2.068E+00 2.074E+00 2.079E+00 2.083E+00 2.086E+00 2.088E+00 2.090E+00
1 0.00510133 3.465E-01 4.144E-01 4.984E-01 5.997E-01 7.168E-01 8.467E-01 9.840E-01 1.123E+00 1.257E+00 1.383E+00 1.498E+00 1.599E+00 1.687E+00 1.762E+00 1.825E+00 1.877E+00 1.920E+00 1.956E+00 1.984E+00 2.007E+00 2.026E+00 2.041E+00 2.053E+00 2.063E+00 2.070E+00 2.077E+00 2.082E+00 2.085E+00 2.089E+00 2.091E+00 2.093E+00
1 0.00510135 3.550E-01 4.228E-01 5.073E-01 6.100E-01 7.307E-01 8.662E-01 1.011E+00 1.160E+00 1.307E+00 1.445E+00 1.572E+00 1.685E+00 1.783E+00 1.868E+00 1.939E+00 1.998E+00 2.047E+00 2.088E+00 2.120E+00 2.147E+00 2.168E+00 2.186E+00 2.199E+00 2.210E+00 2.219E+00 2.226E+00 2.232E+00 2.236E+00 2.240E+00 2.243E+00 2.245E+00
1 0.00548621 3.557E-01 4.236E-01 5.083E-01 6.112E-01 7.320E-01 8.677E-01 1.013E+00 1.162E+00 1.309E+00 1.447E+00 1.574E+00 1.687E+00 1.786E+00 1.870E+00 1.942E+00 2.001E+00 2.050E+00 2.091E+00 2.123E+00 2.150E+00 2.171E+00 2.189E+00 2.202E+00 2.213E+00 2.222E+00 2.229E+00 2.235E+00 2.239E+00 2.243E+00 2.246E+00 2.248E+00
1 0.00548623 3.657E-01 4.333E-01 5.182E-01 6.224E-01 7.462E-01 8.873E-01 1.041E+00 1.201E+00 1.359E+00 1.511E+00 1.652E+00 1.779E+00 1.890E+00 1.985E+00 2.066E+00 2.134E+00 2.190E+00 2.236E+00 2.274E+00 2.304E+00 2.329E+00 2.349E+00 2.365E+00 2.377E+00 2.388E+00 2.396E+00 2.402E+00 2.407E+00 2.411E+00 2.415E+00 2.417E+00
1 0.00591634 3.666E-01 4.343E-01 5.193E-01 6.236E-01 7.477E-01 8.890E-01 1.043E+00 1.203E+00 1.362E+00 1.514E+00 1.655E+00 1.781E+00 1.893E+00 1.988E+00 2.069E+00 2.137E+00 2.193E+00 2.239E+00 2.277E+00 2.308E+00 2.332E+00 2.352E+00 2.368E+00 2.381E+00 2.391E+00 2.399E+00 2.406E+00 2.411E+00 2.415E+00 2.418E+00 2.421E+00
1 0.00591636 3.784E-01 4.457E-01 5.306E-01 6.359E-01 7.625E-01 9.090E-01 1.071E+00 1.242E+00 1.414E+00 1.581E+00 1.737E+00 1.879E+00 2.004E+00 2.113E+00 2.205E+00 2.283E+00 2.347E+00 2.401E+00 2.444E+00 2.479E+00 2.507E+00 2.531E+00 2.549E+00 2.564E+00 2.576E+00 2.585E+00 2.593E+00 2.599E+00 2.604E+00 2.607E+00 2.610E+00
1 0.00639912 3.793E-01 4.467E-01 5.318E-01 6.373E-01 7.642E-01 9.109E-01 1.073E+00 1.244E+00 1.417E+00 1.584E+00 1.740E+00 1.882E+00 2.008E+00 2.116E+00 2.209E+00 2.287E+00 2.351E+00 2.404E+00 2.448E+00 2.483E+00 2.511E+00 2.534E+00 2.553E+00 2.568E+00 2.580E+00 2.589E+00 2.597E+00 2.603E+00 2.607E+00 2.611E+00 2.614E+00
1 0.00639914 3.935E-01 4.602E-01 5.451E-01 6.510E-01 7.801E-01 9.316E-01 1.102E+00 1.284E+00 1.471E+00 1.654E+00 1.828E+00 1.987E+00 2.129E+00 2.252E+00 2.358E+00 2.447E+00 2.522E+00 2.583E+00 2.633E+00 2.674E+00 2.707E+00 2.734E+00 2.756E+00 2.773E+00 2.787E+00 2.798E+00 2.807E+00 2.814E+00 2.819E+00 2.824E+00 2.827E+00
1 0.00694349 3.945E-01 4.614E-01 5.464E-01 6.526E-01 7.819E-01 9.336E-01 1.104E+00 1.287E+00 1.474E+00 1.658E+00 1.831E+00 1.990E+00 2.132E+00 2.256E+00 2.362E+00 2.451E+00 2.526E+00 2.587E+00 2.638E+00 2.679E+00 2.712E+00 2.739E+00 2.760E+00 2.778E+00 2.791E+00 2.803E+00 2.811E+00 2.818E+00 2.824E+00 2.828E+00 2.832E+00
1 0.00694351 4.116E-01 4.776E-01 5.621E-01 6.684E-01 7.993E-01 9.552E-01 1.133E+00 1.327E+00 1.530E+00 1.731E+00 1.924E+00 2.102E+00 2.263E+00 2.404E+00 2.525E+00 2.628E+00 2.715E+00 2.786E+00 2.845E+00 2.893E+00 2.931E+00 2.963E+00 2.988E+00 3.009E+00 3.025E+00 3.038E+00 3.048E+00 3.056E+00 3.063E+00 3.068E+00 3.072E+00
1 0.00756039 4.127E-01 4.789E-01 5.636E-01 6.702E-01 8.013E-01 9.575E-01 1.136E+00 1.330E+00 1.533E+00 1.734E+00 1.927E+00 2.106E+00 2.267E+00 2.409E+00 2.530E+00 2.633E+00 2.720E+00 2.791E+00 2.850E+00 2.898E+00 2.937E+00 2.968E+00 2.994E+00 3.014E+00 3.030E+00 3.043E+00 3.053E+00 3.062E+00 3.068E+00 3.074E+00 3.078E+00
1 0.00756041 4.336E-01 4.986E-01 5.823E-01 6.887E-01 8.209E-01 9.807E-01 1.166E+00 1.372E+00 1.590E+00 1.811E+00 2.025E+00 2.225E+00 2.408E+00 2.570E+00 2.710E+00 2.829E+00 2.930E+00 3.013E+00 3.082E+00 3.139E+00 3.184E+00 3.221E+00 3.251E+00 3.275E+00 3.294E+00 3.310E+00 3.322E+00 3.331E+00 3.340E+00 3.346E+00 3.351E+00
1 0.00826332 4.349E-01 5.001E-01 5.840E-01 6.906E-01 8.232E-01 9.832E-01 1.169E+00 1.375E+00 1.594E+00 1.815E+00 2.029E+00 2.230E+00 2.413E+00 2.575E+00 2.715E+00 2.835E+00 2.936E+00 3.019E+00 3.088E+00 3.145E+00 3.190E+00 3.227E+00 3.257E+00 3.281E+00 3.300E+00 3.316E+00 3.328E+00 3.338E+00 3.346E+00 3.352E+00 3.357E+00
1 0.00826334 4.605E-01 5.242E-01 6.070E-01 7.128E-01 8.458E-01 1.009E+00 1.201E+00 1.418E+00 1.652E+00 1.894E+00 2.132E+00 2.357E+00 2.565E+00 2.751E+00 2.913E+00 3.052E+00 3.170E+00 3.268E+00 3.349E+00 3.416E+00 3.470E+00 3.514E+00 3.550E+00 3.578E+00 3.601E+00 3.619E+00 3.634E+00 3.646E+00 3.655E+00 3.662E+00 3.668E+00
1 0.00906905 4.620E-01 5.259E-01 6.089E-01 7.150E-01 8.483E-01 1.011E+00 1.204E+00 1.422E+00 1.657E+00 1.898E+00 2.137E+00 2.363E+00 2.571E+00 2.757E+00 2.919E+00 3.059E+00 3.177E+00 3.275E+00 3.356E+00 3.423E+00 3.477E+00 3.521E+00 3.557E+00 3.585E+00 3.608E+00 3.627E+00 3.641E+00 3.653E+00 3.662E+00 3.670E+00 3.676E+00
1 0.00906907 4.938E-01 5.558E-01 6.371E-01 7.420E-01 8.751E-01 1.040E+00 1.238E+00 1.466E+00 1.717E+00 1.980E+00 2.244E+00 2.498E+00 2.735E+00 2.949E+00 3.137E+00 3.300E+00 3.439E+00 3.555E+00 3.651E+00 3.731E+00 3.795E+00 3.848E+00 3.890E+00 3.925E+00 3.952E+00 3.974E+00 3.992E+00 4.006E+00 4.017E+00 4.026E+00 4.033E+00
1 0.00999863 4.956E-01 5.577E-01 6.393E-01 7.445E-01 8.780E-01 1.043E+00 1.242E+00 1.470E+00 1.722E+00 1.985E+00 2.250E+00 2.505E+00 2.742E+00 2.956E+00 3.145E+00 3.308E+00 3.447E+00 3.563E+00 3.660E+00 3.739E+00 3.804E+00 3.856E+00 3.899E+00 3.933E+00 3.961E+00 3.983E+00 4.001E+00 4.015E+00 4.026E+00 4.035E+00 4.042E+00
1 0.00999865 5.357E-01 5.953E-01 6.746E-01 7.780E-01 9.104E-01 1.077E+00 1.279E+00 1.517E+00 1.784E+00 2.070E+00 2.362E+00 2.648E+00 2.918E+00 3.165E+00 3.385E+00 3.577E+00 3.741E+00 3.879E+00 3.994E+00 4.090E+00 4.167E+00 4.231E+00 4.282E+00 4.323E+00 4.356E+00 4.383E+00 4.404E+00 4.421E+00 4.435E+00 4.446E+00 4.455E+00
1 0.01107881 5.378E-01 5.976E-01 6.772E-01 7.809E-01 9.137E-01 1.080E+00 1.284E+00 1.522E+00 1.790E+00 2.076E+00 2.369E+00 2.656E+00 2.926E+00 3.174E+00 3.394E+00 3.586E+00 3.751E+00 3.889E+00 4.004E+00 4.100E+00 4.178E+00 4.241E+00 4.292E+00 4.334E+00 4.367E+00 4.394E+00 4.415E+00 4.432E+00 4.446E+00 4.457E+00 4.466E+00
1 0.01107883 5.889E-01 6.453E-01 7.219E-01 8.231E-01 9.541E-01 1.121E+00 1.326E+00 1.573E+00 1.855E+00 2.164E+00 2.486E+00 2.808E+00 3.116E+00 3.402E+00 3.660E+00 3.886E+00 4.081E+00 4.247E+00 4.386E+00 4.500E+00 4.595E+00 4.672E+00 4.734E+00 4.785E+00 4.825E+00 4.858E+00 4.884E+00 4.905E+00 4.922E+00 4.935E+00 4.946E+00
1 0.01234399 5.914E-01 6.480E-01 7.249E-01 8.265E-01 9.580E-01 1.125E+00 1.331E+00 1.579E+00 1.862E+00 2.171E+00 2.494E+00 2.817E+00 3.126E+00 3.412E+00 3.670E+00 3.897E+00 4.093E+00 4.259E+00 4.398E+00 4.513E+00 4.607E+00 4.684E+00 4.747E+00 4.798E+00 4.838E+00 4.871E+00 4.897E+00 4.918E+00 4.935E+00 4.948E+00 4.959E+00
1 0.01234401 6.573E-01 7.096E-01 7.826E-01 8.806E-01 1.009E+00 1.175E+00 1.382E+00 1.635E+00 1.932E+00 2.263E+00 2.617E+00 2.978E+00 3.330E+00 3.661E+00 3.964E+00 4.233E+00 4.466E+00 4.666E+00 4.834E+00 4.974E+00 5.090E+00 5.185E+00 5.261E+00 5.324E+00 5.374E+00 5.414E+00 5.446E+00 5.472E+00 5.493E+00 5.509E+00 5.523E+00
1 0.01383894 6.604E-01 7.130E-01 7.862E-01 8.846E-01 1.014E+00 1.180E+00 1.388E+00 1.642E+00 1.939E+00 2.272E+00 2.627E+00 2.988E+00 3.341E+00 3.673E+00 3.976E+00 4.246E+00 4.480E+00 4.680E+00 4.849E+00 4.989E+00 5.105E+00 5.200E+00 5.277E+00 5.339E+00 5.389E+00 5.430E+00 5.462E+00 5.488E+00 5.509E+00 5.525E+00 5.539E+00
1 0.01383896 7.467E-01 7.937E-01 8.616E-01 9.552E-01 1.080E+00 1.243E+00 1.451E+00 1.708E+00 2.016E+00 2.370E+00 2.756E+00 3.158E+00 3.560E+00 3.944E+00 4.300E+00 4.621E+00 4.903E+00 5.145E+00 5.351E+00 5.523E+00 5.666E+00 5.783E+00 5.879E+00 5.956E+00 6.019E+00 6.069E+00 6.110E+00 6.142E+00 6.169E+00 6.189E+00 6.206E+00
1 0.01562286 7.505E-01 7.978E-01 8.660E-01 9.600E-01 1.085E+00 1.249E+00 1.457E+00 1.716E+00 2.025E+00 2.380E+00 2.767E+00 3.171E+00 3.573E+00 3.958E+00 4.316E+00 4.637E+00 4.920E+00 5.163E+00 5.369E+00 5.542E+00 5.685E+00 5.802E+00 5.898E+00 5.976E+00 6.039E+00 6.089E+00 6.130E+00 6.162E+00 6.188E+00 6.209E+00 6.226E+00
1 0.01562288 8.647E-01 9.050E-01 9.662E-01 1.054E+00 1.173E+00 1.332E+00 1.537E+00 1.797E+00 2.114E+00 2.487E+00 2.905E+00 3.352E+00 3.808E+00 4.254E+00 4.674E+00 5.057E+00 5.399E+00 5.696E+00 5.950E+00 6.164E+00 6.342E+00 6.489E+00 6.609E+00 6.707E+00 6.786E+00 6.850E+00 6.902E+00 6.943E+00 6.976E+00 7.002E+00 7.023E+00
1 0.01777535 8.697E-01 9.102E-01 9.717E-01 1.060E+00 1.180E+00 1.339E+00 1.545E+00 1.806E+00 2.124E+00 2.498E+00 2.918E+00 3.366E+00 3.824E+00 4.271E+00 4.692E+00 5.077E+00 5.419E+00 5.718E+00 5.972E+00 6.187E+00 6.365E+00 6.512E+00 6.633E+00 6.731E+00 6.810E+00 6.875E+00 6.926E+00 6.967E+00 7.000E+00 7.027E+00 7.048E+00
1 0.01777537 1.023E+00 1.055E+00 1.107E+00 1.187E+00 1.298E+00 1.450E+00 1.651E+00 1.909E+00 2.232E+00 2.620E+00 3.068E+00 3.560E+00 4.076E+00 4.591E+00 5.088E+00 5.549E+00 5.965E+00 6.331E+00 6.647E+00 6.916E+00 7.141E+00 7.328E+00 7.481E+00 7.606E+00 7.707E+00 7.789E+00 7.855E+00 7.908E+00 7.951E+00 7.985E+00 8.012E+00
1 0.02040538 1.029E+00 1.062E+00 1.115E+00 1.194E+00 1.307E+00 1.459E+00 1.661E+00 1.920E+00 2.244E+00 2.634E+00 3.084E+00 3.578E+00 4.095E+00 4.613E+00 5.111E+00 5.573E+00 5.990E+00 6.358E+00 6.675E+00 6.944E+00 7.170E+00 7.357E+00 7.511E+00 7.636E+00 7.738E+00 7.820E+00 7.887E+00 7.940E+00 7.983E+00 8.017E+00 8.044E+00
1 0.02040540 1.237E+00 1.260E+00 1.301E+00 1.369E+00 1.470E+00 1.613E+00 1.805E+00 2.058E+00 2.380E+00 2.780E+00 3.253E+00 3.789E+00 4.367E+00 4.962E+00 5.547E+00 6.102E+00 6.612E+00 7.067E+00 7.465E+00 7.805E+00 8.093E+00 8.332E+00 8.531E+00 8.693E+00 8.825E+00 8.933E+00 9.019E+00 9.089E+00 9.144E+00 9.188E+00 9.225E+00
1 0.02366542 1.246E+00 1.269E+00 1.311E+00 1.379E+00 1.481E+00 1.624E+00 1.817E+00 2.072E+00 2.396E+00 2.797E+00 3.273E+00 3.811E+00 4.391E+00 4.988E+00 5.576E+00 6.133E+00 6.644E+00 7.101E+00 7.499E+00 7.841E+00 8.130E+00 8.370E+00 8.569E+00 8.732E+00 8.865E+00 8.973E+00 9.059E+00 9.129E+00 9.185E+00 9.229E+00 9.265E+00
1 0.02366544 1.529E+00 1.543E+00 1.573E+00 1.626E+00 1.712E+00 1.840E+00 2.020E+00 2.262E+00 2.580E+00 2.982E+00 3.474E+00 4.050E+00 4.690E+00 5.370E+00 6.058E+00 6.727E+00 7.354E+00 7.922E+00 8.427E+00 8.864E+00 9.236E+00 9.550E+00 9.810E+00 1.002E+01 1.020E+01 1.034E+01 1.046E+01 1.055E+01 1.062E+01 1.068E+01 1.073E+01
1 0.02777401 1.541E+00 1.556E+00 1.585E+00 1.639E+00 1.726E+00 1.855E+00 2.036E+00 2.280E+00 2.599E+00 3.004E+00 3.499E+00 4.077E+00 4.720E+00 5.403E+00 6.094E+00 6.766E+00 7.394E+00 7.966E+00 8.472E+00 8.911E+00 9.285E+00 9.599E+00 9.860E+00 1.008E+01 1.025E+01 1.039E+01 1.051E+01 1.060E+01 1.068E+01 1.074E+01 1.079E+01
1 0.02777403 1.933E+00 1.940E+00 1.957E+00 1.994E+00 2.061E+00 2.169E+00 2.330E+00 2.555E+00 2.859E+00 3.256E+00 3.756E+00 4.362E+00 5.061E+00 5.829E+00 6.632E+00 7.435E+00 8.206E+00 8.922E+00 9.568E+00 1.013E+01 1.062E+01 1.104E+01 1.139E+01 1.167E+01 1.191E+01 1.210E+01 1.226E+01 1.239E+01 1.249E+01 1.257E+01 1.264E+01
1 0.03305338 1.951E+00 1.958E+00 1.976E+00 2.013E+00 2.081E+00 2.189E+00 2.351E+00 2.578E+00 2.884E+00 3.284E+00 3.787E+00 4.396E+00 5.099E+00 5.871E+00 6.678E+00 7.485E+00 8.260E+00 8.979E+00 9.628E+00 1.020E+01 1.069E+01 1.111E+01 1.146E+01 1.174E+01 1.198E+01 1.218E+01 1.233E+01 1.246E+01 1.256E+01 1.264E+01 1.271E+01
1 0.03305340 2.502E+00 2.504E+00 2.511E+00 2.532E+00 2.576E+00 2.658E+00 2.791E+00 2.989E+00 3.270E+00 3.649E+00 4.144E+00 4.765E+00 5.510E+00 6.361E+00 7.286E+00 8.244E+00 9.193E+00 1.010E+01 1.093E+01 1.167E+01 1.232E+01 1.289E+01 1.336E+01 1.375E+01 1.408E+01 1.435E+01 1.457E+01 1.474E+01 1.489E+01 1.500E+01 1.509E+01
1 0.03999461 2.529E+00 2.531E+00 2.539E+00 2.560E+00 2.604E+00 2.687E+00 2.821E+00 3.021E+00 3.304E+00 3.686E+00 4.185E+00 4.810E+00 5.560E+00 6.416E+00 7.347E+00 8.310E+00 9.264E+00 1.017E+01 1.101E+01 1.176E+01 1.241E+01 1.298E+01 1.345E+01 1.385E+01 1.418E+01 1.445E+01 1.467E+01 1.484E+01 1.499E+01 1.510E+01 1.520E+01
1 0.03999463 3.320E+00 3.321E+00 3.323E+00 3.331E+00 3.353E+00 3.404E+00 3.500E+00 3.659E+00 3.901E+00 4.247E+00 4.717E+00 5.330E+00 6.099E+00 7.018E+00 8.062E+00 9.187E+00 1.034E+01 1.148E+01 1.256E+01 1.355E+01 1.443E+01 1.520E+01 1.586E+01 1.642E+01 1.688E+01 1.726E+01 1.758E+01 1.783E+01 1.804E+01 1.820E+01 1.834E+01
1 0.04937609 3.363E+00 3.363E+00 3.365E+00 3.373E+00 3.396E+00 3.448E+00 3.544E+00 3.705E+00 3.950E+00 4.299E+00 4.773E+00 5.392E+00 6.167E+00 7.093E+00 8.144E+00 9.278E+00 1.044E+01 1.159E+01 1.267E+01 1.367E+01 1.455E+01 1.533E+01 1.599E+01 1.655E+01 1.702E+01 1.740E+01 1.772E+01 1.797E+01 1.818E+01 1.835E+01 1.848E+01
1 0.04937611 4.540E+00 4.540E+00 4.540E+00 4.542E+00 4.549E+00 4.572E+00 4.626E+00 4.733E+00 4.917E+00 5.205E+00 5.623E+00 6.200E+00 6.957E+00 7.910E+00 9.047E+00 1.034E+01 1.173E+01 1.315E+01 1.455E+01 1.587E+01 1.708E+01 1.815E+01 1.909E+01 1.989E+01 2.057E+01 2.113E+01 2.159E+01 2.197E+01 2.228E+01 2.253E+01 2.273E+01
0 0.06000000 4.598E+00 4.598E+00 4.599E+00 4.600E+00 4.608E+00 4.631E+00 4.685E+00 4.793E+00 4.979E+00 5.270E+00 5.692E+00 6.274E+00 7.038E+00 7.998E+00 9.144E+00 1.044E+01 1.184E+01 1.328E+01 1.468E+01 1.601E+01 1.722E+01 1.831E+01 1.925E+01 2.005E+01 2.073E+01 2.130E+01 2.177E+01 2.215E+01 2.246E+01 2.271E+01 2.291E+01
1 0.06249166 4.610E+00 4.610E+00 4.610E+00 4.612E+00 4.619E+00 4.642E+00 4.697E+00 4.805E+00 4.992E+00 5.283E+00 5.706E+00 6.288E+00 7.054E+00 8.015E+00 9.163E+00 1.046E+01 1.186E+01 1.330E+01 1.471E+01 1.604E+01 1.725E+01 1.834E+01 1.928E+01 2.009E+01 2.077E+01 2.133E+01 2.180E+01 2.218E+01 2.250E+01 2.275E+01 2.295E+01
1 0.06249168 6.440E+00 6.440E+00 6.440E+00 6.440E+00 6.441E+00 6.446E+00 6.466E+00 6.517E+00 6.627E+00 6.829E+00 7.158E+00 7.651E+00 8.346E+00 9.272E+00 1.045E+01 1.186E+01 1.348E+01 1.522E+01 1.702E+01 1.878E+01 2.045E+01 2.197E+01 2.334E+01 2.453E+01 2.554E+01 2.640E+01 2.711E+01 2.770E+01 2.818E+01 2.858E+01 2.890E+01
0 0.07000000 6.493E+00 6.493E+00 6.493E+00 6.493E+00 6.494E+00 6.500E+00 6.519E+00 6.571E+00 6.681E+00 6.885E+00 7.216E+00 7.712E+00 8.410E+00 9.342E+00 1.052E+01 1.195E+01 1.357E+01 1.532E+01 1.712E+01 1.889E+01 2.056E+01 2.210E+01 2.347E+01 2.466E+01 2.568E+01 2.654E+01 2.726E+01 2.785E+01 2.833E+01 2.873E+01 2.904E+01
1 0.08162185 6.560E+00 6.560E+00 6.560E+00 6.560E+00 6.561E+00 6.567E+00 6.586E+00 6.639E+00 6.750E+00 6.955E+00 7.289E+00 7.789E+00 8.492E+00 9.431E+00 1.062E+01 1.205E+01 1.368E+01 1.544E+01 1.725E+01 1.903E+01 2.072E+01 2.226E+01 2.363E+01 2.483E+01 2.585E+01 2.672E+01 2.744E+01 2.803E+01 2.852E+01 2.892E+01 2.923E+01
1 0.08162187 9.567E+00 9.567E+00 9.567E+00 9.567E+00 9.567E+00 9.567E+00 9.570E+00 9.583E+00 9.623E+00 9.722E+00 9.922E+00 1.027E+01 1.083E+01 1.164E+01 1.275E+01 1.419E+01 1.596E+01 1.800E+01 2.024E+01 2.256E+01 2.486E+01 2.705E+01 2.907E+01 3.088E+01 3.246E+01 3.382E+01 3.497E+01 3.593E+01 3.672E+01 3.737E+01 3.790E+01
0 0.09000000 9.642E+00 9.642E+00 9.642E+00 9.642E+00 9.642E+00 9.642E+00 9.645E+00 9.658E+00 9.698E+00 9.798E+00 9.999E+00 1.035E+01 1.091E+01 1.172E+01 1.284E+01 1.429E+01 1.607E+01 1.812E+01 2.036E+01 2.269E+01 2.500E+01 2.720E+01 2.923E+01 3.104E+01 3.263E+01 3.400E+01 3.515E+01 3.611E+01 3.690E+01 3.756E+01 3.809E+01
0 0.11000000 9.785E+00 9.785E+00 9.785E+00 9.785E+00 9.785E+00 9.785E+00 9.788E+00 9.801E+00 9.842E+00 9.942E+00 1.015E+01 1.050E+01 1.107E+01 1.189E+01 1.302E+01 1.448E+01 1.627E+01 1.834E+01 2.060E+01 2.295E+01 2.527E+01 2.749E+01 2.953E+01 3.136E+01 3.296E+01 3.433E+01 3.549E+01 3.646E+01 3.726E+01 3.791E+01 3.845E+01
1 0.11109658 9.791E+00 9.791E+00 9.791E+00 9.791E+00 9.791E+00 9.792E+00 9.795E+00 9.808E+00 9.849E+00 9.949E+00 1.015E+01 1.051E+01 1.107E+01 1.190E+01 1.303E+01 1.449E+01 1.628E+01 1.835E+01 2.061E+01 2.296E+01 2.528E+01 2.750E+01 2.954E+01 3.137E+01 3.297E+01 3.434E+01 3.550E+01 3.647E+01 3.727E+01 3.793E+01 3.846E+01
1 0.11109660 1.510E+01 1.510E+01 1.510E+01 1.510E+01 1.510E+01 1.510E+01 1.510E+01 1.510E+01 1.510E+01 1.513E+01 1.520E+01 1.536E+01 1.569E+01 1.625E+01 1.714E+01 1.841E+01 2.014E+01 2.233E+01 2.493E+01 2.785E+01 3.095E+01 3.407E+01 3.709E+01 3.991E+01 4.246E+01 4.470E+01 4.665E+01 4.829E+01 4.968E+01 5.083E+01 5.177E+01
0 0.12000000 1.520E+01 1.520E+01 1.520E+01 1.520E+01 1.520E+01 1.520E+01 1.520E+01 1.520E+01 1.521E+01 1.523E+01 1.530E+01 1.547E+01 1.579E+01 1.636E+01 1.725E+01 1.853E+01 2.027E+01 2.246E+01 2.508E+01 2.800E+01 3.111E+01 3.424E+01 3.727E+01 4.010E+01 4.266E+01 4.491E+01 4.686E+01 4.851E+01 4.990E+01 5.105E+01 5.200E+01
0 0.14000000 1.540E+01 1.540E+01 1.540E+01 1.540E+01 1.540E+01 1.540E+01 1.540E+01 1.540E+01 1.541E+01 1.543E+01 1.550E+01 1.566E+01 1.600E+01 1.657E+01 1.747E+01 1.876E+01 2.051E+01 2.272E+01 2.535E+01 2.830E+01 3.142E+01 3.458E+01 3.763E+01 4.047E+01 4.304E+01 4.531E+01 4.727E+01 4.893E+01 5.032E+01 5.148E+01 5.243E+01
1 0.15997948 1.556E+01 1.556E+01 1.556E+01 1.556E+01 1.556E+01 1.556E+01 1.556E+01 1.556E+01 1.556E+01 1.559E+01 1.566E+01 1.582E+01 1.616E+01 1.673E+01 1.764E+01 1.894E+01 2.070E+01 2.293E+01 2.557E+01 2.854E+01 3.168E+01 3.485E+01 3.791E+01 4.076E+01 4.335E+01 4.563E+01 4.760E+01 4.927E+01 5.067E+01 5.183E+01 5.279E+01
1 0.15997950 2.588E+01 2.588E+01 2.588E+01 2.588E+01 2.588E+01 2.588E+01 2.588E+01 2.588E+01 2.588E+01 2.588E+01 2.588E+01 2.591E+01 2.600E+01 2.622E+01 2.669E+01 2.752E+01 2.884E+01 3.077E+01 3.338E+01 3.664E+01 4.048E+01 4.471E+01 4.912E+01 5.351E+01 5.770E+01 6.156E+01 6.502E+01 6.805E+01 7.065E+01 7.284E+01 7.468E+01
0 0.17000000 2.604E+01 2.604E+01 2.604E+01 2.604E+01 2.604E+01 2.604E+01 2.604E+01 2.604E+01 2.604E+01 2.604E+01 2.604E+01 2.607E+01 2.616E+01 2.639E+01 2.685E+01 2.769E+01 2.902E+01 3.095E+01 3.357E+01 3.684E+01 4.069E+01 4.493E+01 4.936E+01 5.376E+01 5.796E+01 6.183E+01 6.530E+01 6.834E+01 7.094E+01 7.314E+01 7.498E+01
0 0.19000000 2.632E+01 2.632E+01 2.632E+01 2.632E+01 2.632E+01 2.632E+01 2.632E+01 2.632E+01 2.632E+01 2.632E+01 2.632E+01 2.635E+01 2.644E+01 2.667E+01 2.714E+01 2.798E+01 2.932E+01 3.127E+01 3.390E+01 3.719E+01 4.106E+01 4.532E+01 4.978E+01 5.420E+01 5.842E+01 6.231E+01 6.579E+01 6.884E+01 7.145E+01 7.367E+01 7.552E+01
0 0.23000000 2.676E+01 2.676E+01 2.676E+01 2.676E+01 2.676E+01 2.676E+01 2.676E+01 2.676E+01 2.676E+01 2.677E+01 2.677E+01 2.680E+01 2.689E+01 2.712E+01 2.760E+01 2.845E+01 2.980E+01 3.177E+01 3.442E+01 3.775E+01 4.165E+01 4.595E+01 5.044E+01 5.490E+01 5.915E+01 6.307E+01 6.658E+01 6.965E+01 7.228E+01 7.451E+01 7.637E+01
1 0.24996903 2.695E+01 2.695E+01 2.695E+01 2.695E+01 2.695E+01 2.695E+01 2.695E+01 2.695E+01 2.695E+01 2.695E+01 2.695E+01 2.698E+01 2.707E+01 2.731E+01 2.778E+01 2.864E+01 2.999E+01 3.197E+01 3.464E+01 3.798E+01 4.189E+01 4.621E+01 5.071E+01 5.518E+01 5.945E+01 6.338E+01 6.690E+01 6.998E+01 7.262E+01 7.485E+01 7.672E+01
1 0.24996905 4.994E+01 4.994E+01 4.994E+01 4.994E+01 4.994E+01 4.994E+01 4.994E+01 4.994E+01 4.994E+01 4.994E+01 4.994E+01 4.994E+01 4.994E+01 4.996E+01 5.004E+01 5.026E+01 5.078E+01 5.181E+01 5.357E+01 5.626E+01 6.002E+01 6.483E+01 7.057E+01 7.694E+01 8.363E+01 9.029E+01 9.667E+01 1.025E+02 1.078E+02 1.124E+02 1.164E+02
0 0.26000000 5.018E+01 5.018E+01 5.018E+01 5.018E+01 5.018E+01 5.018E+01 5.018E+01 5.018E+01 5.018E+01 5.018E+01 5.018E+01 5.018E+01 5.018E+01 5.020E+01 5.027E+01 5.050E+01 5.102E+01 5.205E+01 5.381E+01 5.651E+01 6.028E+01 6.511E+01 7.085E+01 7.724E+01 8.394E+01 9.062E+01 9.701E+01 1.029E+02 1.082E+02 1.128E+02 1.168E+02
0 0.28000000 5.061E+01 5.061E+01 5.061E+01 5.061E+01 5.061E+01 5.061E+01 5.061E+01 5.061E+01 5.061E+01 5.061E+01 5.061E+01 5.061E+01 5.061E+01 5.063E+01 5.071E+01 5.093E+01 5.146E+01 5.249E+01 5.427E+01 5.698E+01 6.076E+01 6.561E+01 7.138E+01 7.779E+01 8.452E+01 9.122E+01 9.763E+01 1.035E+02 1.088E+02 1.135E+02 1.175E+02
0 0.32000000 5.135E+01 5.135E+01 5.135E+01 5.135E+01 5.135E+01 5.135E+01 5.135E+01 5.135E+01 5.135E+01 5.135E+01 5.135E+01 5.135E+01 5.135E+01 5.137E+01 5.144E+01 5.167E+01 5.220E+01 5.325E+01 5.503E+01 5.777E+01 6.158E+01 6.647E+01 7.228E+01 7.873E+01 8.550E+01 9.225E+01 9.869E+01 1.046E+02 1.100E+02 1.146E+02 1.186E+02
0 0.40000000 5.246E+01 5.246E+01 5.246E+01 5.246E+01 5.246E+01 5.246E+01 5.246E+01 5.246E+01 5.246E+01 5.246E+01 5.246E+01 5.247E+01 5.247E+01 5.249E+01 5.256E+01 5.279E+01 5.333E+01 5.439E+01 5.620E+01 5.897E+01 6.283E+01 6.777E+01 7.364E+01 8.017E+01 8.700E+01 9.381E+01 1.003E+02 1.063E+02 1.117E+02 1.164E+02 1.205E+02
1 0.44439303 5.295E+01 5.295E+01 5.295E+01 5.295E+01 5.295E+01 5.295E+01 5.295E+01 5.295E+01 5.295E+01 5.295E+01 5.295E+01 5.295E+01 5.295E+01 5.297E+01 5.305E+01 5.328E+01 5.382E+01 5.489E+01 5.671E+01 5.949E+01 6.337E+01 6.834E+01 7.423E+01 8.079E+01 8.765E+01 9.450E+01 1.010E+02 1.071E+02 1.125E+02 1.172E+02 1.213E+02
1 0.44439305 1.162E+02 1.162E+02 1.162E+02 1.162E+02 1.162E+02 1.162E+02 1.162E+02 1.162E+02 1.162E+02 1.162E+02 1.162E+02 1.162E+02 1.162E+02 1.162E+02 1.162E+02 1.162E+02 1.162E+02 1.163E+02 1.166E+02 1.174E+02 1.191E+02 1.221E+02 1.268E+02 1.334E+02 1.419E+02 1.518E+02 1.628E+02 1.740E+02 1.851E+02 1.956E+02 2.052E+02
0 0.45000000 1.164E+02 1.164E+02 1.164E+02 1.164E+02 1.164E+02 1.164E+02 1.164E+02 1.164E+02 1.164E+02 1.164E+02 1.164E+02 1.164E+02 1.164E+02 1.164E+02 1.164E+02 1.164E+02 1.164E+02 1.165E+02 1.168E+02 1.176E+02 1.193E+02 1.223E+02 1.270E+02 1.337E+02 1.421E+02 1.521E+02 1.630E+02 1.743E+02 1.854E+02 1.959E+02 2.055E+02
0 0.47000000 1.171E+02 1.171E+02 1.171E+02 1.171E+02 1.171E+02 1.171E+02 1.171E+02 1.171E+02 1.171E+02 1.171E+02 1.171E+02 1.171E+02 1.171E+02 1.171E+02 1.171E+02 1.171E+02 1.172E+02 1.173E+02 1.176E+02 1.184E+02 1.201E+02 1.231E+02 1.278E+02 1.345E+02 1.429E+02 1.529E+02 1.639E+02 1.752E+02 1.863E+02 1.968E+02 2.064E+02
0 0.51000000 1.185E+02 1.185E+02 1.185E+02 1.185E+02 1.185E+02 1.185E+02 1.185E+02 1.185E+02 1.185E+02 1.185E+02 1.185E+02 1.185E+02 1.185E+02 1.185E+02 1.185E+02 1.185E+02 1.185E+02 1.186E+02 1.189E+02 1.197E+02 1.214E+02 1.245E+02 1.292E+02 1.359E+02 1.444E+02 1.545E+02 1.655E+02 1.768E+02 1.880E+02 1.986E+02 2.082E+02
0 0.59000000 1.207E+02 1.207E+02 1.207E+02 1.207E+02 1.207E+02 1.207E+02 1.207E+02 1.207E+02 1.207E+02 1.207E+02 1.207E+02 1.207E+02 1.207E+02 1.207E+02 1.207E+02 1.207E+02 1.207E+02 1.208E+02 1.212E+02 1.220E+02 1.237E+02 1.268E+02 1.316E+02 1.383E+02 1.469E+02 1.570E+02 1.681E+02 1.796E+02 1.908E+02 2.015E+02 2.112E+02
0 0.75000000 1.240E+02 1.240E+02 1.240E+02 1.240E+02 1.240E+02 1.240E+02 1.240E+02 1.240E+02 1.240E+02 1.240E+02 1.240E+02 1.240E+02 1.240E+02 1.240E+02 1.240E+02 1.240E+02 1.241E+02 1.242E+02 1.245E+02 1.253E+02 1.271E+02 1.302E+02 1.350E+02 1.419E+02 1.506E+02 1.608E+02 1.720E+02 1.836E+02 1.950E+02 2.058E+02 2.156E+02
1 0.99990182 1.275E+02 1.275E+02 1.275E+02 1.275E+02 1.275E+02 1.275E+02 1.275E+02 1.275E+02 1.275E+02 1.275E+02 1.275E+02 1.275E+02 1.275E+02 1.275E+02 1.275E+02 1.275E+02 1.275E+02 1.276E+02 1.279E+02 1.288E+02 1.306E+02 1.337E+02 1.386E+02 1.456E+02 1.544E+02 1.648E+02 1.761E+02 1.878E+02 1.994E+02 2.102E+02 2.202E+02
1 0.99990184 3.786E+02 3.786E+02 3.786E+02 3.786E+02 3.786E+02 3.786E+02 3.786E+02 3.786E+02 3.786E+02 3.786E+02 3.786E+02 3.786E+02 3.786E+02 3.786E+02 3.786E+02 3.786E+02 3.786E+02 3.786E+02 3.786E+02 3.786E+02 3.786E+02 3.787E+02 3.791E+02 3.803E+02 3.832E+02 3.888E+02 3.979E+02 4.110E+02 4.280E+02 4.479E+02 4.698E+02
0 1.01000000 3.793E+02 3.793E+02 3.793E+02 3.793E+02 3.793E+02 3.793E+02 3.793E+02 3.793E+02 3.793E+02 3.793E+02 3.793E+02 3.793E+02 3.793E+02 3.793E+02 3.793E+02 3.793E+02 3.793E+02 3.793E+02 3.793E+02 3.793E+02 3.794E+02 3.795E+02 3.799E+02 3.811E+02 3.840E+02 3.895E+02 3.986E+02 4.118E+02 4.287E+02 4.487E+02 4.706E+02
0 1.03000000 3.808E+02 3.808E+02 3.808E+02 3.808E+02 3.808E+02 3.808E+02 3.808E+02 3.808E+02 3.808E+02 3.808E+02 3.808E+02 3.808E+02 3.808E+02 3.808E+02 3.808E+02 3.808E+02 3.808E+02 3.808E+02 3.808E+02 3.808E+02 3.808E+02 3.809E+02 3.813E+02 3.826E+02 3.854E+02 3.910E+02 4.001E+02 4.133E+02 4.303E+02 4.503E+02 4.722E+02
0 1.07000000 3.836E+02 3.836E+02 3.836E+02 3.836E+02 3.836E+02 3.836E+02 3.836E+02 3.836E+02 3.836E+02 3.836E+02 3.836E+02 3.836E+02 3.836E+02 3.836E+02 3.836E+02 3.836E+02 3.836E+02 3.836E+02 3.836E+02 3.836E+02 3.836E+02 3.837E+02 3.841E+02 3.854E+02 3.883E+02 3.938E+02 4.030E+02 4.162E+02 4.332E+02 4.533E+02 4.752E+02
0 1.15000000 3.888E+02 3.888E+02 3.888E+02 3.888E+02 3.888E+02 3.888E+02 3.888E+02 3.888E+02 3.888E+02 3.888E+02 3.888E+02 3.888E+02 3.888E+02 3.888E+02 3.888E+02 3.888E+02 3.888E+02 3.888E+02 3.888E+02 3.888E+02 3.888E+02 3.889E+02 3.893E+02 3.905E+02 3.934E+02 3.990E+02 4.082E+02 4.215E+02 4.386E+02 4.588E+02 4.808E+02
0 1.31000000 3.975E+02 3.975E+02 3.975E+02 3.975E+02 3.975E+02 3.975E+02 3.975E+02 3.975E+02 3.975E+02 3.975E+02 3.975E+02 3.975E+02 3.975E+02 3.975E+02 3.975E+02 3.975E+02 3.975E+02 3.975E+02 3.975E+02 3.975E+02 3.975E+02 3.976E+02 3.981E+02 3.993E+02 4.022E+02 4.079E+02 4.171E+02 4.305E+02 4.478E+02 4.681E+02 4.903E+02
0 1.63000000 4.107E+02 4.107E+02 4.107E+02 4.107E+02 4.107E+02 4.107E+02 4.107E+02 4.107E+02 4.107E+02 4.107E+02 4.107E+02 4.107E+02 4.107E+02 4.107E+02 4.107E+02 4.107E+02 4.107E+02 4.107E+02 4.107E+02 4.107E+02 4.107E+02 4.108E+02 4.113E+02 4.125E+02 4.155E+02 4.212E+02 4.306E+02 4.441E+02 4.616E+02 4.821E+02 5.045E+02
0 2.27000000 4.274E+02 4.274E+02 4.274E+02 4.274E+02 4.274E+02 4.274E+02 4.274E+02 4.274E+02 4.274E+02 4.274E+02 4.274E+02 4.274E+02 4.274E+02 4.274E+02 4.274E+02 4.274E+02 4.274E+02 4.274E+02 4.274E+02 4.274E+02 4.274E+02 4.276E+02 4.280E+02 4.293E+02 4.323E+02 4.381E+02 4.477E+02 4.614E+02 4.791E+02 4.999E+02 5.227E+02
0 2.91000000 4.376E+02 4.376E+02 4.376E+02 4.376E+02 4.376E+02 4.376E+02 4.376E+02 4.376E+02 4.376E+02 4.376E+02 4.376E+02 4.376E+02 4.376E+02 4.376E+02 4.376E+02 4.376E+02 4.376E+02 4.376E+02 4.376E+02 4.376E+02 4.376E+02 4.377E+02 4.382E+02 4.395E+02 4.425E+02 4.484E+02 4.580E+02 4.719E+02 4.897E+02 5.107E+02 5.337E+02
0 3.55000000 4.444E+02 4.444E+02 4.444E+02 4.444E+02 4.444E+02 4.444E+02 4.444E+02 4.444E+02 4.444E+02 4.444E+02 4.444E+02 4.444E+02 4.444E+02 4.444E+02 4.444E+02 4.444E+02 4.444E+02 4.444E+02 4.444E+02 4.444E+02 4.444E+02 4.445E+02 4.450E+02 4.463E+02 4.493E+02 4.552E+02 4.649E+02 4.789E+02 4.968E+02 5.179E+02 5.410E+02
1 3.99963057 4.479E+02 4.479E+02 4.479E+02 4.479E+02 4.479E+02 4.479E+02 4.479E+02 4.479E+02 4.479E+02 4.479E+02 4.479E+02 4.479E+02 4.479E+02 4.479E+02 4.479E+02 4.479E+02 4.479E+02 4.479E+02 4.479E+02 4.479E+02 4.479E+02 4.480E+02 4.484E+02 4.498E+02 4.528E+02 4.587E+02 4.685E+02 4.824E+02 5.004E+02 5.216E+02 5.448E+02
