3.00 0.0 -11.8024
3.25 0.0 -11.9428
3.50 0.0 -12.0870
3.75 0.0 -12.2349
4.00 0.0 -12.3856
4.25 0.0 -12.5409
4.50 0.0 -12.7053
4.75 0.0 -12.8806
5.00 0.0 -13.0692
3.00 0.5 -11.8099
3.25 0.5 -11.9483
3.50 0.5 -12.0906
3.75 0.5 -12.2371
4.00 0.5 -12.3868
4.25 0.5 -12.5417
4.50 0.5 -12.7058
4.75 0.5 -12.8809
5.00 0.5 -13.0693
3.00 1.0 -11.8146
3.25 1.0 -11.9518
3.50 1.0 -12.0931
3.75 1.0 -12.2386
4.00 1.0 -12.3877
4.25 1.0 -12.5423
4.50 1.0 -12.7063
4.75 1.0 -12.8811
5.00 1.0 -13.0693
3.00 1.5 -11.8165
3.25 1.5 -11.9533
3.50 1.5 -12.0943
3.75 1.5 -12.2394
4.00 1.5 -12.3881
4.25 1.5 -12.5427
4.50 1.5 -12.7065
4.75 1.5 -12.8813
5.00 1.5 -13.0693
3.00 2.0 -11.8156
3.25 2.0 -11.9530
3.50 2.0 -12.0942
3.75 2.0 -12.2394
4.00 2.0 -12.3882
4.25 2.0 -12.5428
4.50 2.0 -12.7067
4.75 2.0 -12.8814
5.00 2.0 -13.0694
3.00 2.5 -11.8118
3.25 2.5 -11.9506
3.50 2.5 -12.0929
3.75 2.5 -12.2387
4.00 2.5 -12.3878
4.25 2.5 -12.5426
4.50 2.5 -12.7066
4.75 2.5 -12.8815
5.00 2.5 -13.0694
3.00 3.0 -11.8053
3.25 3.0 -11.9464
3.50 3.0 -12.0904
3.75 3.0 -12.2374
4.00 3.0 -12.3871
4.25 3.0 -12.5422
4.50 3.0 -12.7065
4.75 3.0 -12.8814
5.00 3.0 -13.0694
3.00 3.5 -11.7966
3.25 3.5 -11.9407
3.50 3.5 -12.0869
3.75 3.5 -12.2354
4.00 3.5 -12.3861
4.25 3.5 -12.5417
4.50 3.5 -12.7061
4.75 3.5 -12.8814
5.00 3.5 -13.0693
3.00 4.0 -11.7838
3.25 4.0 -11.9321
3.50 4.0 -12.0817
3.75 4.0 -12.2324
4.00 4.0 -12.3845
4.25 4.0 -12.5408
4.50 4.0 -12.7057
4.75 4.0 -12.8812
5.00 4.0 -13.0693
3.00 4.5 -11.7678
3.25 4.5 -11.9215
3.50 4.5 -12.0751
3.75 4.5 -12.2286
4.00 4.5 -12.3823
4.25 4.5 -12.5398
4.50 4.5 -12.7052
4.75 4.5 -12.8810
5.00 4.5 -13.0693
3.00 5.0 -11.7457
3.25 5.0 -11.9066
3.50 5.0 -12.0657
3.75 5.0 -12.2231
4.00 5.0 -12.3792
4.25 5.0 -12.5382
4.50 5.0 -12.7045
4.75 5.0 -12.8807
5.00 5.0 -13.0693
3.00 5.5 -11.7196
3.25 5.5 -11.8887
3.50 5.5 -12.0543
3.75 5.5 -12.2164
4.00 5.5 -12.3755
4.25 5.5 -12.5361
4.50 5.5 -12.7035
4.75 5.5 -12.8803
5.00 5.5 -13.0692
3.00 6.0 -11.6835
3.25 6.0 -11.8641
3.50 6.0 -12.0386
3.75 6.0 -12.2069
4.00 6.0 -12.3701
4.25 6.0 -12.5332
4.50 6.0 -12.7021
4.75 6.0 -12.8798
5.00 6.0 -13.0691
3.00 6.5 -11.6390
3.25 6.5 -11.8340
3.50 6.5 -12.0195
3.75 6.5 -12.1955
4.00 6.5 -12.3635
4.25 6.5 -12.5297
4.50 6.5 -12.7005
4.75 6.5 -12.8792
5.00 6.5 -13.0691
3.00 7.0 -11.5816
3.25 7.0 -11.7945
3.50 7.0 -11.9940
3.75 7.0 -12.1800
4.00 7.0 -12.3545
4.25 7.0 -12.5248
4.50 7.0 -12.6981
4.75 7.0 -12.8784
5.00 7.0 -13.0690
3.00 7.5 -11.5157
3.25 7.5 -11.7485
3.50 7.5 -11.9638
3.75 7.5 -12.1615
4.00 7.5 -12.3437
4.25 7.5 -12.5189
4.50 7.5 -12.6951
4.75 7.5 -12.8773
5.00 7.5 -13.0689
3.00 8.0 -11.4281
3.25 8.0 -11.6875
3.50 8.0 -11.9238
3.75 8.0 -12.1367
4.00 8.0 -12.3290
4.25 8.0 -12.5108
4.50 8.0 -12.6911
4.75 8.0 -12.8758
5.00 8.0 -13.0688
3.00 8.5 -11.3228
3.25 8.5 -11.6143
3.50 8.5 -11.8759
3.75 8.5 -12.1071
4.00 8.5 -12.3115
4.25 8.5 -12.5011
4.50 8.5 -12.6865
4.75 8.5 -12.8741
5.00 8.5 -13.0689
3.00 9.0 -11.1880
3.25 9.0 -11.5202
3.50 9.0 -11.8139
3.75 9.0 -12.0683
4.00 9.0 -12.2883
4.25 9.0 -12.4881
4.50 9.0 -12.6798
4.75 9.0 -12.8714
5.00 9.0 -13.0685
3.00 9.5 -11.0242
3.25 9.5 -11.4050
3.50 9.5 -11.7367
3.75 9.5 -12.0189
4.00 9.5 -12.2574
4.25 9.5 -12.4701
4.50 9.5 -12.6695
4.75 9.5 -12.8663
5.00 9.5 -13.0667
3.00 10.0 -10.8299
3.25 10.0 -11.2692
3.50 10.0 -11.6473
3.75 10.0 -11.9634
4.00 10.0 -12.2246
4.25 10.0 -12.4522
4.50 10.0 -12.6607
4.75 10.0 -12.8630
5.00 10.0 -13.0663
3.00 10.5 -10.6134
3.25 10.5 -11.1186
3.50 10.5 -11.5485
3.75 10.5 -11.9022
4.00 10.5 -12.1880
4.25 10.5 -12.4304
4.50 10.5 -12.6481
4.75 10.5 -12.8555
5.00 10.5 -13.0609
3.00 11.0 -10.3496
3.25 11.0 -10.9365
3.50 11.0 -11.4317
3.75 11.0 -11.8340
4.00 11.0 -12.1530
4.25 11.0 -12.4165
4.50 11.0 -12.6473
4.75 11.0 -12.8618
5.00 11.0 -13.0700
3.00 11.5 -10.0525
3.25 11.5 -10.7392
3.50 11.5 -11.3140
3.75 11.5 -11.7756
4.00 11.5 -12.1353
4.25 11.5 -12.4246
4.50 11.5 -12.6703
4.75 11.5 -12.8918
5.00 11.5 -13.1015
3.00 12.0 -9.6799
3.25 12.0 -10.4780
3.50 12.0 -11.1440
3.75 12.0 -11.6766
4.00 12.0 -12.0879
4.25 12.0 -12.4126
4.50 12.0 -12.6808
4.75 12.0 -12.9155
5.00 12.0 -13.1317
3.00 12.5 -9.2318
3.25 12.5 -10.1529
3.50 12.5 -10.9217
3.75 12.5 -11.5370
4.00 12.5 -12.0110
4.25 12.5 -12.3803
4.50 12.5 -12.6787
4.75 12.5 -12.9329
5.00 12.5 -13.1606
3.00 13.0 -8.7082
3.25 13.0 -9.7639
3.50 13.0 -10.6472
3.75 13.0 -11.3567
4.00 13.0 -11.9045
4.25 13.0 -12.3278
4.50 13.0 -12.6641
4.75 13.0 -12.9441
5.00 13.0 -13.1883
