2.50 0.0 -12.1588
2.75 0.0 -12.2984
3.00 0.0 -12.4429
3.25 0.0 -12.5925
3.50 0.0 -12.7469
3.75 0.0 -12.9068
4.00 0.0 -13.0766
4.25 0.0 -13.2573
4.50 0.0 -13.4513
4.75 0.0 -13.6595
5.00 0.0 -13.8817
2.50 0.5 -12.1654
2.75 0.5 -12.3034
3.00 0.5 -12.4467
3.25 0.5 -12.5951
3.50 0.5 -12.7485
3.75 0.5 -12.9078
4.00 0.5 -13.0770
4.25 0.5 -13.2575
4.50 0.5 -13.4513
4.75 0.5 -13.6593
5.00 0.5 -13.8814
2.50 1.0 -12.1675
2.75 1.0 -12.3052
3.00 1.0 -12.4482
3.25 1.0 -12.5963
3.50 1.0 -12.7494
3.75 1.0 -12.9083
4.00 1.0 -13.0772
4.25 1.0 -13.2576
4.50 1.0 -13.4513
4.75 1.0 -13.6591
5.00 1.0 -13.8811
2.50 1.5 -12.1649
2.75 1.5 -12.3037
3.00 1.5 -12.4474
3.25 1.5 -12.5960
3.50 1.5 -12.7494
3.75 1.5 -12.9084
4.00 1.5 -13.0773
4.25 1.5 -13.2576
4.50 1.5 -13.4513
4.75 1.5 -13.6590
5.00 1.5 -13.8807
2.50 2.0 -12.1578
2.75 2.0 -12.2989
3.00 2.0 -12.4444
3.25 2.0 -12.5944
3.50 2.0 -12.7486
3.75 2.0 -12.9081
4.00 2.0 -13.0771
4.25 2.0 -13.2575
4.50 2.0 -13.4513
4.75 2.0 -13.6589
5.00 2.0 -13.8804
2.50 2.5 -12.1461
2.75 2.5 -12.2908
3.00 2.5 -12.4392
3.25 2.5 -12.5913
3.50 2.5 -12.7470
3.75 2.5 -12.9074
4.00 2.5 -13.0768
4.25 2.5 -13.2574
4.50 2.5 -13.4513
4.75 2.5 -13.6588
5.00 2.5 -13.8800
2.50 3.0 -12.1298
2.75 3.0 -12.2793
3.00 3.0 -12.4317
3.25 3.0 -12.5868
3.50 3.0 -12.7446
3.75 3.0 -12.9062
4.00 3.0 -13.0762
4.25 3.0 -13.2573
4.50 3.0 -13.4513
4.75 3.0 -13.6588
5.00 3.0 -13.8797
2.50 3.5 -12.1105
2.75 3.5 -12.2656
3.00 3.5 -12.4226
3.25 3.5 -12.5813
3.50 3.5 -12.7416
3.75 3.5 -12.9047
4.00 3.5 -13.0756
4.25 3.5 -13.2571
4.50 3.5 -13.4513
4.75 3.5 -13.6587
5.00 3.5 -13.8793
2.50 4.0 -12.0834
2.75 4.0 -12.2465
3.00 4.0 -12.4099
3.25 4.0 -12.5736
3.50 4.0 -12.7374
3.75 4.0 -12.9025
4.00 4.0 -13.0746
4.25 4.0 -13.2568
4.50 4.0 -13.4513
4.75 4.0 -13.6587
5.00 4.0 -13.8790
2.50 4.5 -12.0498
2.75 4.5 -12.2230
3.00 4.5 -12.3946
3.25 4.5 -12.5645
3.50 4.5 -12.7324
3.75 4.5 -12.8999
4.00 4.5 -13.0734
4.25 4.5 -13.2564
4.50 4.5 -13.4514
4.75 4.5 -13.6588
5.00 4.5 -13.8787
2.50 5.0 -12.0061
2.75 5.0 -12.1921
3.00 5.0 -12.3741
3.25 5.0 -12.5519
3.50 5.0 -12.7254
3.75 5.0 -12.8962
4.00 5.0 -13.0718
4.25 5.0 -13.2559
4.50 5.0 -13.4515
4.75 5.0 -13.6591
5.00 5.0 -13.8786
2.50 5.5 -11.9549
2.75 5.5 -12.1557
3.00 5.5 -12.3496
3.25 5.5 -12.5368
3.50 5.5 -12.7169
3.75 5.5 -12.8917
4.00 5.5 -13.0698
4.25 5.5 -13.2553
4.50 5.5 -13.4517
4.75 5.5 -13.6597
5.00 5.5 -13.8792
2.50 6.0 -11.8885
2.75 6.0 -12.1081
3.00 6.0 -12.3175
3.25 6.0 -12.5167
3.50 6.0 -12.7054
3.75 6.0 -12.8856
4.00 6.0 -13.0670
4.25 6.0 -13.2545
4.50 6.0 -13.4520
4.75 6.0 -13.6603
5.00 6.0 -13.8795
2.50 6.5 -11.8099
2.75 6.5 -12.0517
3.00 6.5 -12.2792
3.25 6.5 -12.4927
3.50 6.5 -12.6917
3.75 6.5 -12.8783
4.00 6.5 -13.0637
4.25 6.5 -13.2536
4.50 6.5 -13.4524
4.75 6.5 -13.6612
5.00 6.5 -13.8798
2.50 7.0 -11.7097
2.75 7.0 -11.9794
3.00 7.0 -12.2301
3.25 7.0 -12.4616
3.50 7.0 -12.6736
3.75 7.0 -12.8684
4.00 7.0 -13.0590
4.25 7.0 -13.2521
4.50 7.0 -13.4526
4.75 7.0 -13.6619
5.00 7.0 -13.8799
2.50 7.5 -11.5872
2.75 7.5 -11.8906
3.00 7.5 -12.1688
3.25 7.5 -12.4220
3.50 7.5 -12.6496
3.75 7.5 -12.8545
4.00 7.5 -13.0518
4.25 7.5 -13.2490
4.50 7.5 -13.4521
4.75 7.5 -13.6625
5.00 7.5 -13.8802
2.50 8.0 -11.4440
2.75 8.0 -11.7877
3.00 8.0 -12.0991
3.25 8.0 -12.3782
3.50 8.0 -12.6242
3.75 8.0 -12.8408
4.00 8.0 -13.0455
4.25 8.0 -13.2471
4.50 8.0 -13.4523
4.75 8.0 -13.6632
5.00 8.0 -13.8794
2.50 8.5 -11.2852
2.75 8.5 -11.6735
3.00 8.5 -12.0212
3.25 8.5 -12.3282
3.50 8.5 -12.5939
3.75 8.5 -12.8224
4.00 8.5 -13.0341
4.25 8.5 -13.2396
4.50 8.5 -13.4468
4.75 8.5 -13.6577
5.00 8.5 -13.8722
2.50 9.0 -11.0952
2.75 9.0 -11.5402
3.00 9.0 -11.9344
3.25 9.0 -12.2778
3.50 9.0 -12.5696
3.75 9.0 -12.8144
4.00 9.0 -13.0357
4.25 9.0 -13.2462
4.50 9.0 -13.4551
4.75 9.0 -13.6647
5.00 9.0 -13.8749
2.50 9.5 -10.8741
2.75 9.5 -11.3880
3.00 9.5 -11.8389
3.25 9.5 -12.2270
3.50 9.5 -12.5513
3.75 9.5 -12.8168
4.00 9.5 -13.0505
4.25 9.5 -13.2669
4.50 9.5 -13.4773
4.75 9.5 -13.6842
5.00 9.5 -13.8876
2.50 10.0 -10.6218
2.75 10.0 -11.2167
3.00 10.0 -11.7347
3.25 10.0 -12.1758
3.50 10.0 -12.5390
3.75 10.0 -12.8297
4.00 10.0 -13.0783
4.25 10.0 -13.3017
4.50 10.0 -13.5133
4.75 10.0 -13.7162
5.00 10.0 -13.9102
